trying

grid 1-4 -> tr 1-4
grid 5-8 -> to.tr 1-4

evaluate grid state in m
buttons are shady buttons to reflect periodicity (time mod factors?)



g.btni is the id of the last pressed button

#1
L 1 4: TR I 0: TO.TR I 0
L 1 4: if >= G.LED T I 1: TR I 1
L 5 8: if >= G.LED T - I 4 1: TO.TR - I 4 1
T % + T 1 Z

#2

#3

#4

#5

#6

#7

#8
X G.BTN.X G.BTNI
Y G.BTN.Y G.BTNI
A G.LED X Y
A % + A 2 16
IF X > 4: X - X 4 : y + y 16
PN X Y A; G.LED X Y A

#M
G.CLR; G.REC T 0 1 8 -2 -2
L 1 4:B I :L 1 16:G.LED B I PN B I
L 5 6:B I :L 1 16:G.LED B I PN - B 4 + I 16
$ 1

#I
Z 16
G.BTX 16 0 0 1 1 0 0 8 16 Z
M 500

#P
9	13	1	1
1	1	1	1
0	0	0	0
63	63	63	63

40	41	3	4
0	42	0	0
0	43	0	0
42	44	0	0
60	45	0	0
0	46	0	0
44	47	0	0
0	48	0	0
47	49	0	0
0	50	0	0
0	51	0	0
49	52	0	0
50	50	0	0
0	0	0	0
51	0	0	0
0	0	0	0
0	0	0	0
0	0	0	0
0	0	0	0
0	0	0	0
0	0	0	0
0	0	0	0
0	0	0	0
0	0	0	0
0	0	0	0
0	0	0	0
0	0	0	0
0	0	0	0
0	0	0	0
0	0	0	0
0	0	0	0
0	0	0	0
0	0	0	0
0	0	0	0
0	0	0	0
0	0	0	0
0	0	0	0
0	0	0	0
0	0	0	0
0	0	0	0
0	0	0	0
0	0	0	0
0	0	0	0
0	0	0	0
0	0	0	0
0	0	0	0
0	0	0	0
0	0	0	0
0	0	0	0
0	0	0	0
0	0	0	0
0	0	0	0
0	0	0	0
0	0	0	0
0	0	0	0
0	0	0	0
0	0	0	0
0	0	0	0
0	0	0	0
0	0	0	0
0	0	0	0
0	0	0	0
0	0	0	0
0	0	0	0

#G
0000000000000000
1000000010000000
0000100000001000
1000000010000000
1001100010011000
1001001010010010
0010100000101001
1000000000000000
1000000000000000
0000000000000000
0000000000000000
0000000000000000
0000000000000000
0000000000000000
0000000000000000
0000000000000000

0	0	0	0	0	0	0	0	0	0	0	0	0	0	0	0
0	0	0	0	0	0	0	0	0	0	0	0	0	0	0	0
0	0	0	0	0	0	0	0	0	0	0	0	0	0	0	0
0	0	0	0	0	0	0	0	0	0	0	0	0	0	0	0
