SCANNER DARKLY'S MINI



#1
TR 1 1
DEL 50: TR 1 0

#2
DEL / M 3: TR 2 1
DEL / M 2: TR 2 0

#3
DEL 20: TR 3 1
DEL 50: TR 3 0

#4
TR 4 1
DEL 50: TR 4 0
TO.OSC.WAVE 1 TI.PARAM 2
TO.OSC.WAVE 2 TI.PARAM 3

#5
TO.TR.M.BPM 1 30
TO.TR.M.ACT 1 1; TO.ENV.TRIG 1
TO.TR.WIDTH 1 20
TO.OSC.N 1 P T
TO.CV 1 TI.PARAM 1
TO.ENV.ACT 1 TI.PARAM 1

#6
TO.TR.M.BPM 2 90
TO.TR.M.ACT 2 1; TO.ENV.TRIG 2
TO.TR.PULSE.DIV 2 / 1 6
TO.OSC.N 2 PN 1 T
TO.CV 2 TI.PARAM 1
TO.ENV.ACT 2 TI.PARAM 1

#7
CV 2 N 48

#8
CV 1 N 48

#M
M SCALE 0 V 10 500 50 PARAM
G.CLR; G.REC T 0 1 8 -2 -2
L 1 Z: $ * I G.BTN.V + T * I Z
T % + T 1 Z

#I
G.BTX 16 0 0 1 1 1 0 0 16 8
Z 16
TO.ENV.DEC 1 2000
TO.ENV.DEC 2 2000

#P
9	13	1	1
1	1	1	1
0	0	0	0
63	63	63	63

40	41	3	4
0	42	0	0
0	43	0	0
42	44	0	0
60	45	0	0
0	46	0	0
44	47	0	0
0	48	0	0
47	49	0	0
0	50	0	0
0	51	0	0
49	52	0	0
50	50	0	0
0	0	0	0
51	0	0	0
0	0	0	0
0	0	0	0
0	0	0	0
0	0	0	0
0	0	0	0
0	0	0	0
0	0	0	0
0	0	0	0
0	0	0	0
0	0	0	0
0	0	0	0
0	0	0	0
0	0	0	0
0	0	0	0
0	0	0	0
0	0	0	0
0	0	0	0
0	0	0	0
0	0	0	0
0	0	0	0
0	0	0	0
0	0	0	0
0	0	0	0
0	0	0	0
0	0	0	0
0	0	0	0
0	0	0	0
0	0	0	0
0	0	0	0
0	0	0	0
0	0	0	0
0	0	0	0
0	0	0	0
0	0	0	0
0	0	0	0
0	0	0	0
0	0	0	0
0	0	0	0
0	0	0	0
0	0	0	0
0	0	0	0
0	0	0	0
0	0	0	0
0	0	0	0
0	0	0	0
0	0	0	0
0	0	0	0
0	0	0	0
0	0	0	0

#G
0000000000000000
1000001010000000
0100010101000101
0000100000010010
0000000010000000
1001001010010010
0010100000101001
1000000000000000
1000000000000000
0000000000000000
0000000000000000
0000000000000000
0000000000000000
0000000000000000
0000000000000000
0000000000000000

0	0	0	0	0	0	0	0	0	0	0	0	0	0	0	0
0	0	0	0	0	0	0	0	0	0	0	0	0	0	0	0
0	0	0	0	0	0	0	0	0	0	0	0	0	0	0	0
0	0	0	0	0	0	0	0	0	0	0	0	0	0	0	0
